24301001,123456,54420.0,24301154@bjtu.edu.cn
24301002,123456,5200.0,24301002@qq.com
24301003,654321,9200.0,24301154@bjtu.edu.cn
24301004,654321,1000.0,24301004@bjtu.edu.cn
24301005,654321,30000.0,24301005@bjtu.edu.cn
24301006,123456,2000.0,24301154@bjtu.edu.cn
24301007,301007,6000.0,24301154@bjtu.edu.cn
24301008,123456,6000.0,24301154@bjtu.edu.cn
24301009,123456,6000.0,24301154@bjtu.edu.cn
24301010,301010,1000.0,24301154@bjtu.edu.cn
24301011,123456,500.0,24301154@bjtu.edu.cn
24301012,301012,3000.0,24301154@bjtu.edu.cn
24301013,123456,3000.0,24301154@bjtu.edu.cn
24301014,654321,4700.0,24301154@bjtu.edu.cn
